Se abrió la cámara
Se encontaron 48 intersecciones
imgPts = [475.0128784179688, 584.586181640625, 694.14599609375, 803.3331909179688, 912.6294555664062, 1022.180603027344, 472.6535339355469, 583.3221435546875, 693.5715942382812, 803.546630859375, 913.4852905273438, 1023.563171386719, 470.3984069824219, 581.7305297851562, 692.9442749023438, 803.7404174804688, 914.4445190429688, 1025.263793945312, 467.2612915039062, 579.6840209960938, 692.00390625, 803.8109741210938, 915.4291381835938, 1027.14697265625, 463.4983825683594, 577.8173828125, 691.1934814453125, 803.7359619140625, 916.5440673828125, 1029.327514648438, 459.9659729003906, 575.3726196289062, 689.5977172851562, 803.7575073242188, 917.443115234375, 1031.436767578125, 456.2047119140625, 571.9893188476562, 688.2235107421875, 803.4130249023438, 918.6954345703125, 1033.783569335938, 451.5757446289062, 569.072265625, 685.873779296875, 803.0567626953125, 919.5138549804688, 1036.364990234375;
  122.0130844116211, 121.4647369384766, 120.3302383422852, 119.3844375610352, 118.1040802001953, 116.3253631591797, 228.2720489501953, 227.2749938964844, 226.3811492919922, 225.3863677978516, 224.0168609619141, 222.4527435302734, 335.686767578125, 334.7569274902344, 333.6670532226562, 332.6326599121094, 331.3696594238281, 329.877685546875, 444.4595336914062, 443.2101440429688, 442.3819580078125, 441.2442321777344, 439.9840087890625, 438.711669921875, 555.411376953125, 554.2479248046875, 552.93994140625, 551.7159423828125, 550.5613403320312, 549.3712768554688, 668.67626953125, 667.3054809570312, 665.7683715820312, 664.5560302734375, 663.3814086914062, 662.469970703125, 784.4918212890625, 782.8504028320312, 781.3389282226562, 780.0397338867188, 778.9869995117188, 778.269775390625, 903.07470703125, 901.5869750976562, 900.171630859375, 898.6124877929688, 897.7379760742188, 897.407958984375;
  1, 1, 1, 1, 1, 1, 1, 1, 1, 1, 1, 1, 1, 1, 1, 1, 1, 1, 1, 1, 1, 1, 1, 1, 1, 1, 1, 1, 1, 1, 1, 1, 1, 1, 1, 1, 1, 1, 1, 1, 1, 1, 1, 1, 1, 1, 1, 1]
scnPts = [0, 0.119999997317791, 0.239999994635582, 0.3599999845027924, 0.4799999892711639, 0.5999999642372131, 0, 0.119999997317791, 0.239999994635582, 0.3599999845027924, 0.4799999892711639, 0.5999999642372131, 0, 0.119999997317791, 0.239999994635582, 0.3599999845027924, 0.4799999892711639, 0.5999999642372131, 0, 0.119999997317791, 0.239999994635582, 0.3599999845027924, 0.4799999892711639, 0.5999999642372131, 0, 0.119999997317791, 0.239999994635582, 0.3599999845027924, 0.4799999892711639, 0.5999999642372131, 0, 0.119999997317791, 0.239999994635582, 0.3599999845027924, 0.4799999892711639, 0.5999999642372131, 0, 0.119999997317791, 0.239999994635582, 0.3599999845027924, 0.4799999892711639, 0.5999999642372131, 0, 0.119999997317791, 0.239999994635582, 0.3599999845027924, 0.4799999892711639, 0.5999999642372131;
  0, 0, 0, 0, 0, 0, 0.119999997317791, 0.119999997317791, 0.119999997317791, 0.119999997317791, 0.119999997317791, 0.119999997317791, 0.239999994635582, 0.239999994635582, 0.239999994635582, 0.239999994635582, 0.239999994635582, 0.239999994635582, 0.3599999845027924, 0.3599999845027924, 0.3599999845027924, 0.3599999845027924, 0.3599999845027924, 0.3599999845027924, 0.4799999892711639, 0.4799999892711639, 0.4799999892711639, 0.4799999892711639, 0.4799999892711639, 0.4799999892711639, 0.5999999642372131, 0.5999999642372131, 0.5999999642372131, 0.5999999642372131, 0.5999999642372131, 0.5999999642372131, 0.7199999690055847, 0.7199999690055847, 0.7199999690055847, 0.7199999690055847, 0.7199999690055847, 0.7199999690055847, 0.8399999737739563, 0.8399999737739563, 0.8399999737739563, 0.8399999737739563, 0.8399999737739563, 0.8399999737739563;
  0, 0, 0, 0, 0, 0, 0, 0, 0, 0, 0, 0, 0, 0, 0, 0, 0, 0, 0, 0, 0, 0, 0, 0, 0, 0, 0, 0, 0, 0, 0, 0, 0, 0, 0, 0, 0, 0, 0, 0, 0, 0, 0, 0, 0, 0, 0, 0;
  1, 1, 1, 1, 1, 1, 1, 1, 1, 1, 1, 1, 1, 1, 1, 1, 1, 1, 1, 1, 1, 1, 1, 1, 1, 1, 1, 1, 1, 1, 1, 1, 1, 1, 1, 1, 1, 1, 1, 1, 1, 1, 1, 1, 1, 1, 1, 1]
K = [616.1640014648438, 0, 325.5280151367188;
  0, 616.8200073242188, 228.6600036621094;
  0, 0, 1]
Dummy = [1, 0, 0, 0;
  0, 1, 0, 0;
  0, 0, 1, 0]
H=[1.479703295994542, -0.05902392934087253, 0.2442962366964842;
  -0.01358158368930552, 1.422333267663898, -0.1718548166197442;
  0.003836978955157097, -0.07542543159851235, 1]

R= [0.9999545178700034, 0.009302396299171147, -0.002104189740078137;
  -0.009178168357611535, 0.9985593423894553, 0.0528677685583361;
  0.002592955257697565, -0.0528460514119231, 0.9985993047429985]
T= [0.1650906139389921;
  -0.1161361205059234;
  0.6757804220459693]
G= [0.9999545178700034, 0.009302396299171147, -0.002104189740078137, 0.1650906139389921;
  -0.009178168357611535, 0.9985593423894553, 0.0528677685583361, -0.1161361205059234;
  0.002592955257697565, -0.0528460514119231, 0.9985993047429985, 0.6757804220459693;
  0, 0, 0, 1]
N = [-0.00210419, 0.0528678, 0.998599]
D = 0.668347
Punto central en la imagen: [325, 228]
Punto central en 3d: [0;
  0;
  1;
  1]
Posiciones 3d
[-193.338, -7359.87, 389.908]
[-0.338744, -0.2754, 0.68315]
[-0.383039, -0.275362, 0.683055]
[-218.653, -7360.98, 389.913]
Posiciones 3d en la imagen
[20, -11414.4]
[20, -20]
[-20, -20]
[-20, -11416]


